15 24 40 48 52 23 
19 20 37 41 58 14 
10 28 39 47 58 22 
10 15 33 48 54 34 
7 8 9 24 29 25 
13 14 19 31 38 25 
1 2 7 9 55 29 
8 12 18 55 57 2 
11 23 28 32 47 20 
5 12 15 27 38 7 
8 17 32 57 59 24 
24 25 34 37 54 29 
36 44 49 52 57 1 
2 9 14 21 23 3 
1 17 35 49 54 34 
2 3 13 14 54 4 
11 12 17 38 42 2 
3 8 25 30 47 13 
3 7 9 26 54 19 
10 14 24 32 41 30 
14 15 28 37 54 10 
2 5 34 51 58 9 
2 19 23 34 43 14 
13 28 31 55 58 15 
28 33 41 44 59 21 
2 3 12 27 38 17 
8 13 19 22 53 24 
11 21 26 33 34 29 
9 14 44 48 49 29 
14 26 45 54 55 20 
34 39 42 44 59 8 
5 6 29 35 51 21 
19 25 29 36 48 12 
3 7 22 30 33 20 
2 9 11 19 50 32 
5 15 16 46 49 26 
17 29 31 48 49 34 
4 31 41 47 55 1 
7 33 39 52 55 33 
23 32 39 47 49 22 
4 20 34 39 58 31 
15 16 28 49 55 18 
2 24 28 32 59 25 
15 27 31 34 48 1 
1 7 10 22 49 24 
28 30 35 58 59 15 
14 18 25 33 49 23 
9 33 42 45 54 30 
6 9 29 52 59 7 
5 6 37 41 54 26 
10 20 25 50 53 35 
8 12 34 43 56 9 
8 18 45 53 58 35 
24 34 36 57 58 11 
9 25 42 55 57 14 
2 3 7 23 51 26 
5 15 18 26 32 35 
10 17 25 45 53 9 
4 10 12 22 31 3 
24 28 30 38 39 16 
13 30 42 49 53 29 
12 26 44 46 47 29 
1 8 24 28 49 24 
3 12 31 34 51 24 
8 37 39 40 52 24 
7 8 17 48 59 9 
4 8 21 38 40 3 
28 32 35 36 52 31 
17 24 26 45 46 19 
5 28 31 52 59 27 
2 16 43 45 51 35 
9 29 31 43 50 18 
2 14 39 40 43 13 
1 6 16 37 53 27 
18 25 36 48 50 23 
22 23 30 37 39 16 
7 14 21 24 41 26 
2 11 35 52 54 13 
1 4 18 20 45 7 
13 18 24 25 33 31 
5 16 31 46 50 18 
10 19 37 38 39 28 
5 7 19 27 28 20 
20 26 27 36 54 19 
29 30 40 42 50 16 
6 10 51 54 57 12 
25 28 48 57 59 16 
1 3 13 25 38 17 
2 11 19 21 42 34 
9 19 33 38 54 15 
37 39 51 52 55 11 
13 16 33 35 51 28 
6 36 38 48 51 17 
23 49 53 54 57 35 
16 17 22 46 54 35 
13 24 30 42 48 27 
25 30 32 46 54 26 
12 15 22 43 49 14 
34 44 48 54 55 10 
5 13 28 43 55 33 
22 31 38 47 48 15 
14 15 19 31 56 5 
11 12 46 47 50 22 
7 10 11 14 36 15 
17 27 37 40 53 35 
